0 0 0 0 0 -0 0
1 0.01177 -6.91494e-06 0 0 -0 -0.00100108
2 0.0117719 -6.79749e-06 0 0 -0 0.0611178
3 0.0117762 -6.29731e-06 0 0 -0 0.182324
4 0.106864 0.0175705 0 0 -0 0.182785
5 0.226824 0.0397446 0 0 -0 0.182784
6 0.370874 0.0663402 0 0 -0 0.182594
7 0.553522 0.100017 0 0 -0 0.182358
8 0.755312 0.136551 0 0 -0 0.164541
9 0.965271 0.162566 0 0 -0 0.072675
10 1.1606 0.166861 0 0 -0 -0.029384
11 1.35488 0.151305 0 0 -0 -0.13117
12 1.54669 0.116064 0 0 -0 -0.233021
13 1.73433 0.0612528 0 0 -0 -0.34052
14 1.93064 -0.0265304 0 0 -0 -0.481022
15 2.1222 -0.121516 0 0 -0 -0.386392
16 2.32067 -0.175017 0 0 -0 -0.129159
17 2.54263 -0.190088 0 0 -0 -0.0418702
18 2.74149 -0.197368 0 0 -0 -0.0319784
19 2.93314 -0.202773 0 0 -0 -0.0239081
20 3.12906 -0.207538 0 0 -0 -0.0408051
21 3.33551 -0.230404 0 0 -0 -0.198397
22 3.5179 -0.286009 0 0 -0 -0.396961
23 3.69389 -0.382484 0 0 -0 -0.608033
24 3.8537 -0.512855 0 0 -0 -0.722927
25 3.95269 -0.601363 0 0 -0 -0.734319
26 3.95316 -0.601373 0 0 -0 -0.722098
27 3.95256 -0.602098 0 0 -0 -0.574337
28 3.95195 -0.60181 0 0 -0 -0.356926
29 3.95159 -0.601306 0 0 -0 -0.0959463
30 3.9512 -0.60075 0 0 -0 0.176263
31 3.95074 -0.600506 0 0 -0 0.456486
32 3.95024 -0.600235 0 0 -0 0.72808
33 3.94929 -0.599822 0 0 -0 1.06387
34 3.94882 -0.599623 0 0 -0 1.40121
35 3.94836 -0.599426 0 0 -0 1.74645
36 3.94579 -0.588824 0 0 -0 1.76526
37 3.93054 -0.515173 0 0 -0 1.78092
38 3.90001 -0.393472 0 0 -0 1.84732
39 3.85951 -0.269001 0 0 -0 1.91696
40 3.80702 -0.139764 0 0 -0 1.99134
41 3.74992 -0.0238964 0 0 -0 2.05548
42 3.68333 0.0982556 0 0 -0 2.0719
43 3.61629 0.219294 0 0 -0 2.07104
44 3.55854 0.328928 0 0 -0 2.03407
45 3.53944 0.367112 0 0 -0 2.03042
46 3.52643 0.392014 0 0 -0 2.02728
47 3.49048 0.464445 0 0 -0 2.022
48 3.42448 0.601075 0 0 -0 2.01372
49 3.3422 0.775939 0 0 -0 2.00377
50 3.24958 0.97847 0 0 -0 1.99228
51 3.1451 1.21474 0 0 -0 1.97842
52 3.04751 1.45421 0 0 -0 1.89475
53 2.97612 1.71619 0 0 -0 1.80793
54 2.9236 1.95983 0 0 -0 1.74639
55 2.89001 2.20001 0 0 -0 1.65495
56 2.89133 2.44241 0 0 -0 1.45553
57 2.93822 2.64696 0 0 -0 1.21878
58 3.05274 2.84954 0 0 -0 0.893197
59 3.2353 3.02474 0 0 -0 0.645057
60 3.46784 3.15915 0 0 -0 0.405006
61 3.74116 3.25424 0 0 -0 0.290765
62 3.99531 3.32299 0 0 -0 0.236356
63 4.31147 3.38318 0 0 -0 0.151767
64 4.59794 3.42175 0 0 -0 0.1013
65 4.91496 3.445 0 0 -0 0.0648257
66 5.22766 3.47118 0 0 -0 0.094749
67 5.57937 3.50682 0 0 -0 0.107998
68 5.95095 3.54976 0 0 -0 0.122949
69 6.32965 3.59894 0 0 -0 0.138267
70 6.72655 3.6473 0 0 -0 0.102769
71 7.10486 3.68169 0 0 -0 0.0843244
72 7.5305 3.71276 0 0 -0 0.064579
73 7.9326 3.7349 0 0 -0 0.052223
74 8.346 3.76138 0 0 -0 0.0877783
75 8.76687 3.80662 0 0 -0 0.119897
76 9.18309 3.86043 0 0 -0 0.137862
77 9.57419 3.91823 0 0 -0 0.154769
78 9.94708 3.97938 0 0 -0 0.170346
79 10.2085 4.02537 0 0 -0 0.179657
80 10.2253 4.02851 0 0 -0 0.17786
81 10.2249 4.02847 0 0 -0 0.386488
82 10.2245 4.02843 0 0 -0 0.781301
83 10.2241 4.02837 0 0 -0 1.18364
84 10.2238 4.02833 0 0 -0 1.56136
85 10.2235 4.02829 0 0 -0 1.88735
86 10.2232 4.02825 0 0 -0 2.28648
87 10.2229 4.02821 0 0 -0 2.68876
88 10.2227 4.02818 0 0 -0 3.04081
89 10.2224 4.02816 0 0 -0 3.09893
90 10.1994 4.02914 0 0 -0 3.09795
91 10.0904 4.03191 0 0 -0 3.14032
92 9.92014 4.03012 0 0 -0 -3.12125
93 9.67471 4.02424 0 0 -0 -3.11193
94 9.41592 4.01541 0 0 -0 -3.10149
95 9.08942 3.9942 0 0 -0 -3.04828
96 8.78164 3.96444 0 0 -0 -3.05047
97 8.46966 3.93838 0 0 -0 -3.06584
98 8.1707 3.9179 0 0 -0 -3.08041
99 7.83424 3.90014 0 0 -0 -3.09689
100 7.43448 3.8862 0 0 -0 -3.11604
101 7.02798 3.87593 0 0 -0 -3.10379
102 6.6064 3.85613 0 0 -0 -3.08543
103 6.21899 3.83181 0 0 -0 -3.07056
104 5.76992 3.79635 0 0 -0 -3.05301
105 5.28731 3.74945 0 0 -0 -3.0341
106 4.80994 3.6929 0 0 -0 -3.01303
107 4.33144 3.62865 0 0 -0 -3.01059
108 3.84062 3.56696 0 0 -0 -3.02267
109 3.32132 3.509 0 0 -0 -3.0368
110 2.81656 3.4658 0 0 -0 -3.08876
111 2.27811 3.44611 0 0 -0 -3.1079
112 1.7756 3.4239 0 0 -0 -3.08605
113 1.25317 3.38946 0 0 -0 -3.06393
114 0.743804 3.345 0 0 -0 -3.04312
115 0.224629 3.28845 0 0 -0 -3.02148
116 -0.254033 3.23023 0 0 -0 -3.02464
117 -0.736389 3.18427 0 0 -0 -3.06496
118 -1.24795 3.15173 0 0 -0 -3.08955
119 -1.7311 3.12867 0 0 -0 -3.08307
120 -2.27548 3.08503 0 0 -0 -3.04661
121 -2.78599 3.02986 0 0 -0 -3.01766
122 -3.28547 2.96285 0 0 -0 -2.99714
123 -3.78404 2.88812 0 0 -0 -2.99706
124 -4.29321 2.82114 0 0 -0 -3.02244
125 -4.81354 2.76574 0 0 -0 -3.04731
126 -5.3149 2.72484 0 0 -0 -3.07158
127 -5.79498 2.69716 0 0 -0 -3.09492
128 -6.26545 2.68074 0 0 -0 -3.11734
129 -6.67131 2.67534 0 0 -0 -3.13765
130 -7.06377 2.67787 0 0 -0 3.12611
131 -7.42854 2.69618 0 0 -0 3.0264
132 -7.77249 2.77619 0 0 -0 2.80262
133 -8.09405 2.92693 0 0 -0 2.60359
134 -8.34072 3.11601 0 0 -0 2.34806
135 -8.53826 3.37104 0 0 -0 2.16629
136 -8.72229 3.6539 0 0 -0 2.13865
137 -8.88323 3.91159 0 0 -0 2.12268
138 -9.0478 4.19687 0 0 -0 2.04404
139 -9.17007 4.4851 0 0 -0 1.91078
140 -9.27389 4.79746 0 0 -0 1.88098
141 -9.37605 5.1288 0 0 -0 1.85156
142 -9.47008 5.49104 0 0 -0 1.77465
143 -9.52637 5.85606 0 0 -0 1.69555
144 -9.57221 6.212 0 0 -0 1.71941
145 -9.64181 6.57234 0 0 -0 1.79711
146 -9.72099 6.90027 0 0 -0 1.81575
147 -9.81651 7.26937 0 0 -0 1.83248
148 -9.897 7.56218 0 0 -0 1.84581
149 -9.92359 7.65567 0 0 -0 1.85007
150 -9.92361 7.65574 0 0 -0 1.81067
151 -9.92361 7.65574 0 0 -0 1.62687
152 -9.92361 7.65575 0 0 -0 1.30383
153 -9.9236 7.65576 0 0 -0 0.955918
154 -9.92233 7.65375 0 0 -0 0.545043
155 -9.92069 7.65115 0 0 -0 0.149754
156 -9.92035 7.65113 0 0 -0 -0.235468
157 -9.92009 7.65111 0 0 -0 -0.676634
158 -9.92072 7.65106 0 0 -0 -1.07378
159 -9.92159 7.65109 0 0 -0 -1.482
160 -9.92263 7.65189 0 0 -0 -1.7719
161 -9.92367 7.6527 0 0 -0 -1.71646
162 -9.92516 7.65386 0 0 -0 -1.63101
163 -9.92664 7.65502 0 0 -0 -1.54175
164 -9.92528 7.64392 0 0 -0 -1.52468
165 -9.92013 7.53869 0 0 -0 -1.52621
166 -9.91352 7.39619 0 0 -0 -1.52796
167 -9.90443 7.20399 0 0 -0 -1.51247
168 -9.88475 6.97295 0 0 -0 -1.46221
169 -9.85723 6.73703 0 0 -0 -1.44864
170 -9.82608 6.49 0 0 -0 -1.43735
171 -9.78666 6.23775 0 0 -0 -1.38556
172 -9.73043 5.97193 0 0 -0 -1.34289
173 -9.66743 5.70434 0 0 -0 -1.3312
174 -9.59282 5.42765 0 0 -0 -1.26185
175 -9.50864 5.17912 0 0 -0 -1.23231
176 -9.40525 4.88749 0 0 -0 -1.21983
177 -9.30856 4.62481 0 0 -0 -1.20832
178 -9.20866 4.36275 0 0 -0 -1.20409
179 -9.11655 4.1017 0 0 -0 -1.26227
180 -9.06793 3.92332 0 0 -0 -1.37393
181 -9.06804 3.92215 0 0 -0 -1.48918
182 -9.06813 3.92115 0 0 -0 -1.86288
183 -9.06829 3.92017 0 0 -0 -2.24861
184 -9.0685 3.91907 0 0 -0 -2.63145
185 -9.10711 3.89722 0 0 -0 -2.6454
186 -9.23695 3.82612 0 0 -0 -2.64596
187 -9.38388 3.74637 0 0 -0 -2.66246
188 -9.5278 3.67834 0 0 -0 -2.75784
189 -9.69749 3.6178 0 0 -0 -2.82689
190 -9.87685 3.5598 0 0 -0 -2.83335
191 -10.0968 3.48908 0 0 -0 -2.82812
192 -10.3224 3.4122 0 0 -0 -2.80806
193 -10.5581 3.32866 0 0 -0 -2.79839
194 -10.7896 3.24427 0 0 -0 -2.79177
195 -11.03 3.17218 0 0 -0 -2.93656
196 -11.2883 3.151 0 0 -0 3.08325
197 -11.5195 3.19351 0 0 -0 2.82749
198 -11.7308 3.29439 0 0 -0 2.56272
199 -11.9017 3.43563 0 0 -0 2.33518
200 -12.0559 3.63453 0 0 -0 2.13936
201 -12.1827 3.899 0 0 -0 1.88176
202 -12.2488 4.205 0 0 -0 1.73655
203 -12.2958 4.51045 0 0 -0 1.71602
204 -12.3446 4.81587 0 0 -0 1.75348
205 -12.4172 5.16166 0 0 -0 1.79374
206 -12.4977 5.51479 0 0 -0 1.78427
207 -12.567 5.86431 0 0 -0 1.75597
208 -12.635 6.24873 0 0 -0 1.73683
209 -12.7037 6.66036 0 0 -0 1.7498
210 -12.7879 7.0575 0 0 -0 1.81274
211 -12.8947 7.44192 0 0 -0 1.86834
212 -13.0222 7.84486 0 0 -0 1.88647
213 -13.1445 8.21231 0 0 -0 1.89974
214 -13.2733 8.59359 0 0 -0 1.86424
215 -13.337 8.95939 0 0 -0 1.57752
216 -13.3026 9.18572 0 0 -0 1.24147
217 -13.2208 9.34114 0 0 -0 0.934426
218 -13.1033 9.45883 0 0 -0 0.643568
219 -12.962 9.53562 0 0 -0 0.361785
220 -12.7742 9.57171 0 0 -0 0.0211841
221 -12.607 9.54997 0 0 -0 -0.283316
222 -12.4461 9.47264 0 0 -0 -0.616095
223 -12.3275 9.35811 0 0 -0 -0.923267
224 -12.2462 9.20207 0 0 -0 -1.25328
225 -12.2175 8.98484 0 0 -0 -1.57398
226 -12.2288 8.68163 0 0 -0 -1.623
227 -12.2467 8.38894 0 0 -0 -1.63826
228 -12.2696 8.09005 0 0 -0 -1.65372
229 -12.3014 7.74869 0 0 -0 -1.67136
230 -12.3382 7.41777 0 0 -0 -1.68902
231 -12.3803 7.08516 0 0 -0 -1.69354
232 -12.4015 6.76331 0 0 -0 -1.57607
233 -12.3968 6.41072 0 0 -0 -1.54522
234 -12.3854 6.04296 0 0 -0 -1.52648
235 -12.361 5.68186 0 0 -0 -1.48649
236 -12.3283 5.31613 0 0 -0 -1.473
237 -12.2901 4.95024 0 0 -0 -1.45513
238 -12.239 4.58681 0 0 -0 -1.39992
239 -12.1675 4.22984 0 0 -0 -1.34142
240 -12.0591 3.86051 0 0 -0 -1.19536
241 -11.8798 3.54158 0 0 -0 -0.877875
242 -11.5943 3.31396 0 0 -0 -0.45625
243 -11.2799 3.2269 0 0 -0 -0.0759141
244 -10.97 3.24576 0 0 -0 0.165743
245 -10.598 3.31997 0 0 -0 0.214709
246 -10.2843 3.39078 0 0 -0 0.245377
247 -9.93483 3.51579 0 0 -0 0.483134
248 -9.66719 3.70423 0 0 -0 0.750674
249 -9.46088 3.95485 0 0 -0 1.01494
250 -9.31707 4.26728 0 0 -0 1.26689
251 -9.25642 4.5963 0 0 -0 1.50681
252 -9.26769 4.93117 0 0 -0 1.70226
253 -9.33199 5.2707 0 0 -0 1.78692
254 -9.41573 5.63607 0 0 -0 1.80451
255 -9.50524 5.98683 0 0 -0 1.84815
256 -9.60522 6.30604 0 0 -0 1.89161
257 -9.72156 6.6481 0 0 -0 1.89939
258 -9.81558 6.95688 0 0 -0 1.82248
259 -9.88795 7.26371 0 0 -0 1.79132
260 -9.95477 7.57179 0 0 -0 1.77729
261 -9.99495 7.76793 0 0 -0 1.76838
262 -9.99526 7.76944 0 0 -0 1.56795
263 -9.99526 7.76943 0 0 -0 1.24063
264 -9.99527 7.76942 0 0 -0 0.774881
265 -9.99528 7.76941 0 0 -0 0.28997
266 -9.9959 7.76967 0 0 -0 -0.108646
267 -9.99601 7.76886 0 0 -0 -0.507177
268 -9.99538 7.76744 0 0 -0 -0.84839
269 -9.99438 7.76616 0 0 -0 -1.21242
270 -9.99361 7.76528 0 0 -0 -1.38739
271 -9.97678 7.67765 0 0 -0 -1.38962
272 -9.94883 7.52694 0 0 -0 -1.3911
273 -9.9055 7.28594 0 0 -0 -1.39257
274 -9.86273 7.0447 0 0 -0 -1.3941
275 -9.8231 6.81887 0 0 -0 -1.39611
276 -9.77913 6.56731 0 0 -0 -1.39795
277 -9.73616 6.31945 0 0 -0 -1.39998
278 -9.69005 6.05256 0 0 -0 -1.40184
279 -9.64154 5.7725 0 0 -0 -1.39187
280 -9.57963 5.4786 0 0 -0 -1.34116
281 -9.51367 5.20488 0 0 -0 -1.32857
282 -9.44291 4.92462 0 0 -0 -1.31788
283 -9.3589 4.62171 0 0 -0 -1.27517
284 -9.25221 4.32811 0 0 -0 -1.15153
285 -9.09635 4.02863 0 0 -0 -1.03782
286 -8.91618 3.7612 0 0 -0 -0.914655
287 -8.71069 3.52526 0 0 -0 -0.791162
288 -8.4693 3.30736 0 0 -0 -0.682694
289 -8.21557 3.12078 0 0 -0 -0.577344
290 -7.93095 2.95333 0 0 -0 -0.492303
291 -7.57689 2.79052 0 0 -0 -0.36079
292 -7.2353 2.687 0 0 -0 -0.235234
293 -6.89919 2.61396 0 0 -0 -0.202004
294 -6.65788 2.56122 0 0 -0 -0.273586
295 -6.58674 2.53829 0 0 -0 -0.331369
296 -6.516 2.51369 0 0 -0 -0.3371
297 -6.3186 2.4446 0 0 -0 -0.296451
298 -6.08328 2.41064 0 0 -0 0.00752548
299 -5.83678 2.42129 0 0 -0 0.0644004
300 -5.59317 2.4416 0 0 -0 0.111518
301 -5.28653 2.48456 0 0 -0 0.157708
302 -4.95161 2.53938 0 0 -0 0.169931
303 -4.59419 2.60253 0 0 -0 0.183111
304 -4.23539 2.67025 0 0 -0 0.186129
305 -3.87558 2.73175 0 0 -0 0.158899
306 -3.47515 2.79143 0 0 -0 0.139153
307 -3.06647 2.844 0 0 -0 0.118991
308 -2.68721 2.88544 0 0 -0 0.10056
309 -2.23692 2.92562 0 0 -0 0.0791465
310 -1.78907 2.95626 0 0 -0 0.068215
311 -1.32572 2.99728 0 0 -0 0.103839
312 -0.838099 3.05269 0 0 -0 0.124345
313 -0.352752 3.11765 0 0 -0 0.144336
314 0.175608 3.19881 0 0 -0 0.154111
315 0.694015 3.27176 0 0 -0 0.128408
316 1.18254 3.32948 0 0 -0 0.10657
317 1.68448 3.37756 0 0 -0 0.0841845
318 2.18492 3.41423 0 0 -0 0.0619085
319 2.66554 3.43978 0 0 -0 0.0486175
320 3.18936 3.46462 0 0 -0 0.0550106
321 3.68426 3.50209 0 0 -0 0.090156
322 4.18335 3.55175 0 0 -0 0.110942
323 4.65949 3.60847 0 0 -0 0.130496
324 5.1566 3.67771 0 0 -0 0.150809
325 5.65256 3.74122 0 0 -0 0.0954097
326 6.15714 3.7863 0 0 -0 0.0918471
327 6.64671 3.83288 0 0 -0 0.098472
328 7.13588 3.88307 0 0 -0 0.105071
329 7.65726 3.93949 0 0 -0 0.111126
330 8.13614 3.99293 0 0 -0 0.109194
331 8.63517 4.04349 0 0 -0 0.0948127
332 9.16667 4.08939 0 0 -0 0.0798445
333 9.63692 4.12271 0 0 -0 0.0655438
334 10.0633 4.14556 0 0 -0 0.0475661
335 10.5141 4.16279 0 0 -0 0.0402676
336 10.8715 4.18461 0 0 -0 0.0991344
337 10.9655 4.19464 0 0 -0 0.133659
338 10.9653 4.19412 0 0 -0 0.493619
339 10.9651 4.1932 0 0 -0 1.0162
340 10.9649 4.19241 0 0 -0 1.40472
341 10.9648 4.19162 0 0 -0 1.80134
342 10.9648 4.19087 0 0 -0 2.18533
343 10.9648 4.19025 0 0 -0 2.57911
344 10.9648 4.18969 0 0 -0 2.93195
345 10.9649 4.18921 0 0 -0 -3.06846
346 10.9109 4.18402 0 0 -0 -3.0545
347 10.6647 4.16256 0 0 -0 -3.05584
348 10.4252 4.14199 0 0 -0 -3.05695
349 10.1703 4.12043 0 0 -0 -3.05812
350 9.85721 4.0942 0 0 -0 -3.05953
351 9.56986 4.07065 0 0 -0 -3.06084
352 9.23795 4.04446 0 0 -0 -3.06972
353 8.92019 4.02487 0 0 -0 -3.08805
354 8.59339 4.01021 0 0 -0 -3.10453
355 8.27354 4.00071 0 0 -0 -3.11215
356 7.92152 3.98221 0 0 -0 -3.07354
357 7.56866 3.95591 0 0 -0 -3.05981
358 7.22815 3.92595 0 0 -0 -3.04683
359 6.82637 3.88543 0 0 -0 -3.04131
360 6.4838 3.85331 0 0 -0 -3.05421
361 6.30594 3.83829 0 0 -0 -3.06108
362 6.12994 3.82474 0 0 -0 -3.07015
363 5.86324 3.8071 0 0 -0 -3.08101
364 5.58225 3.79174 0 0 -0 -3.09296
365 5.23288 3.77684 0 0 -0 -3.09973
366 4.8928 3.75783 0 0 -0 -3.06895
367 4.53841 3.72341 0 0 -0 -3.01531
368 4.18726 3.67251 0 0 -0 -2.98722
369 3.84911 3.61731 0 0 -0 -2.97213
370 3.54784 3.56394 0 0 -0 -2.96055
371 3.22157 3.50149 0 0 -0 -2.93278
372 3.0386 3.45241 0 0 -0 -2.80009
373 3.03856 3.45216 0 0 -0 -2.61405
374 3.03852 3.45213 0 0 -0 -2.08734
375 3.03849 3.45194 0 0 -0 -1.73893
376 3.03208 3.40841 0 0 -0 -1.71691
377 2.98394 3.08278 0 0 -0 -1.71823
378 2.93794 2.77433 0 0 -0 -1.71937
379 2.8927 2.45303 0 0 -0 -1.67588
380 2.88168 2.13397 0 0 -0 -1.55216
381 2.90042 1.82927 0 0 -0 -1.46149
382 2.96287 1.51778 0 0 -0 -1.25878
383 3.08293 1.23364 0 0 -0 -1.09729
384 3.23336 0.960403 0 0 -0 -1.05201
385 3.39134 0.686859 0 0 -0 -1.03902
386 3.56634 0.393493 0 0 -0 -1.02542
387 3.733 0.118586 0 0 -0 -1.02471
388 3.89613 -0.162197 0 0 -0 -1.07201
389 4.04048 -0.436064 0 0 -0 -1.09332
390 4.10985 -0.572492 0 0 -0 -1.08924
391 4.10936 -0.572722 0 0 -0 -0.995894
392 4.10886 -0.573197 0 0 -0 -0.731057
393 4.10885 -0.572912 0 0 -0 -0.446414
394 4.10905 -0.573484 0 0 -0 -0.0643303
395 4.10895 -0.574393 0 0 -0 0.321354
396 4.10897 -0.574912 0 0 -0 0.751683
397 4.10947 -0.575667 0 0 -0 1.24505
398 4.10952 -0.576164 0 0 -0 1.75755
399 4.10948 -0.576081 0 0 -0 2.30183
400 4.10361 -0.572304 0 0 -0 2.6196
401 4.03302 -0.531709 0 0 -0 2.61983
402 3.7821 -0.387586 0 0 -0 2.62063
403 3.50223 -0.229744 0 0 -0 2.65101
404 3.21108 -0.0925317 0 0 -0 2.76162
405 2.89242 0.00688666 0 0 -0 2.92314
406 2.53837 0.0609025 0 0 -0 3.02854
407 2.18498 0.0974595 0 0 -0 3.04674
408 1.80758 0.129532 0 0 -0 3.07307
409 1.3772 0.140931 0 0 -0 -3.11716
410 0.998418 0.116927 0 0 -0 -3.03818
411 0.636561 0.06753 0 0 -0 -2.97977
412 0.290303 0.000608027 0 0 -0 -2.91974
413 -0.0269413 -0.0758882 0 0 -0 -2.89441
414 -0.35027 -0.167409 0 0 -0 -2.80751
415 -0.61463 -0.293249 0 0 -0 -2.53132
416 -0.824446 -0.485753 0 0 -0 -2.34566
417 -1.02429 -0.695433 0 0 -0 -2.30534
418 -1.20949 -0.930285 0 0 -0 -2.19871
419 -1.37188 -1.15853 0 0 -0 -2.18228
420 -1.54682 -1.41169 0 0 -0 -2.16853
421 -1.70847 -1.66092 0 0 -0 -2.09861
422 -1.72855 -1.69631 0 0 0 -2.05429
423 -1.72851 -1.69614 0 0 0 -1.61609
424 -1.72854 -1.69596 0 0 0 -1.15801
425 -1.72863 -1.69583 0 0 0 -0.75913
426 -1.72877 -1.69574 0 0 0 -0.34342
427 -1.72893 -1.69572 0 0 -0 0.0525891
428 -1.72897 -1.69572 0 0 -0 0.159999
429 -2.80787 -0.723809 0 0 0 -0.588893
