0 0 0 0 0 -0 0
1 0.01177 -6.91499e-06 0 0 -0 -0.00100108
2 0.0117719 -6.79757e-06 0 0 -0 0.0611178
3 0.0117762 -6.29741e-06 0 0 -0 0.182324
4 0.106864 0.0175705 0 0 -0 0.182785
5 0.226824 0.0397446 0 0 -0 0.182784
6 0.370874 0.0663396 0 0 -0 0.182591
7 0.553523 0.100015 0 0 -0 0.18235
8 0.755313 0.136548 0 0 -0 0.164534
9 0.965274 0.162559 0 0 -0 0.0726622
10 1.1606 0.166851 0 0 -0 -0.0294035
11 1.35489 0.151289 0 0 -0 -0.131196
12 1.5467 0.116042 0 0 -0 -0.233052
13 1.73433 0.0612241 0 0 -0 -0.340556
14 1.93064 -0.0265674 0 0 -0 -0.481064
15 2.1222 -0.121562 0 0 -0 -0.386438
16 2.32067 -0.175073 0 0 -0 -0.12921
17 2.54262 -0.190157 0 0 -0 -0.0419247
18 2.74148 -0.197448 0 0 -0 -0.0320384
19 2.93313 -0.202866 0 0 -0 -0.0239747
20 3.12905 -0.207646 0 0 -0 -0.0408769
21 3.3355 -0.230528 0 0 -0 -0.198474
22 3.51789 -0.286148 0 0 -0 -0.397044
23 3.69387 -0.382638 0 0 -0 -0.60812
24 3.85367 -0.513024 0 0 -0 -0.723018
25 3.95264 -0.601541 0 0 -0 -0.734416
26 3.95314 -0.601632 0 0 -0 -0.722204
27 3.9527 -0.602429 0 0 -0 -0.574475
28 3.9523 -0.602207 0 0 -0 -0.357099
29 3.95187 -0.601965 0 0 -0 -0.0960229
30 3.95137 -0.601874 0 0 -0 0.176222
31 3.95094 -0.601793 0 0 -0 0.456523
32 3.95029 -0.601248 0 0 -0 0.728145
33 3.94926 -0.600685 0 0 -0 1.06396
34 3.94877 -0.600434 0 0 -0 1.40131
35 3.94828 -0.600185 0 0 -0 1.74656
36 3.94571 -0.589583 0 0 -0 1.76539
37 3.93045 -0.515933 0 0 -0 1.78106
38 3.8999 -0.394236 0 0 -0 1.84747
39 3.85938 -0.269771 0 0 -0 1.91712
40 3.80687 -0.140543 0 0 -0 1.99151
41 3.74975 -0.0246856 0 0 -0 2.05566
42 3.68314 0.0974533 0 0 -0 2.07209
43 3.61607 0.218477 0 0 -0 2.07125
44 3.55829 0.328099 0 0 -0 2.03428
45 3.53919 0.366278 0 0 -0 2.03064
46 3.52617 0.391176 0 0 -0 2.02752
47 3.49021 0.463598 0 0 -0 2.02225
48 3.42416 0.600209 0 0 -0 2.01398
49 3.34183 0.77505 0 0 -0 2.00404
50 3.24916 0.977554 0 0 -0 1.99256
51 3.1446 1.21379 0 0 -0 1.97872
52 3.04695 1.45323 0 0 -0 1.89506
53 2.97547 1.71519 0 0 -0 1.80825
54 2.92286 1.95881 0 0 -0 1.74672
55 2.88919 2.19897 0 0 -0 1.6553
56 2.89043 2.44137 0 0 -0 1.45589
57 2.93724 2.64594 0 0 -0 1.21916
58 3.05167 2.84856 0 0 -0 0.893582
59 3.23416 3.02383 0 0 -0 0.645455
60 3.46664 3.15833 0 0 -0 0.405411
61 3.73992 3.25354 0 0 -0 0.291179
62 3.99405 3.32239 0 0 -0 0.236783
63 4.31018 3.38272 0 0 -0 0.152207
64 4.59688 3.42143 0 0 -0 0.101759
65 4.91362 3.44477 0 0 -0 0.0652555
66 5.22602 3.47103 0 0 -0 0.0951545
67 5.57745 3.50676 0 0 -0 0.108387
68 5.94883 3.54982 0 0 -0 0.123331
69 6.3274 3.59914 0 0 -0 0.138647
70 6.72421 3.64766 0 0 -0 0.103147
71 7.10242 3.6822 0 0 -0 0.0846933
72 7.52797 3.71345 0 0 -0 0.0649332
73 7.92999 3.73567 0 0 -0 0.0525486
74 8.34333 3.76225 0 0 -0 0.0881001
75 8.76409 3.80757 0 0 -0 0.120237
76 9.1802 3.8615 0 0 -0 0.138235
77 9.57116 3.91945 0 0 -0 0.155178
78 9.9438 3.98075 0 0 -0 0.170813
79 10.2046 4.02688 0 0 -0 0.180216
80 10.2208 4.03003 0 0 -0 0.178485
81 10.2192 4.03004 0 0 -0 0.387187
82 10.2191 4.03 0 0 -0 0.781975
83 10.219 4.02996 0 0 -0 1.18428
84 10.2189 4.02993 0 0 -0 1.56198
85 10.2189 4.0299 0 0 -0 1.88796
86 10.2188 4.02986 0 0 -0 2.28707
87 10.2188 4.02983 0 0 -0 2.68933
88 10.2187 4.02981 0 0 -0 3.04137
89 10.2187 4.02979 0 0 -0 3.09948
90 10.1959 4.03077 0 0 -0 3.09848
91 10.087 4.03348 0 0 -0 3.14084
92 9.91616 4.03151 0 0 -0 -3.12075
93 9.67012 4.02547 0 0 -0 -3.11145
94 9.41037 4.01648 0 0 -0 -3.10103
95 9.08448 3.99511 0 0 -0 -3.04784
96 8.77728 3.96525 0 0 -0 -3.05005
97 8.46568 3.9391 0 0 -0 -3.06545
98 8.16683 3.91852 0 0 -0 -3.08004
99 7.8305 3.90065 0 0 -0 -3.09655
100 7.43085 3.88659 0 0 -0 -3.11571
101 7.02445 3.87621 0 0 -0 -3.10349
102 6.60298 3.8563 0 0 -0 -3.08513
103 6.21574 3.83189 0 0 -0 -3.07028
104 5.76685 3.79634 0 0 -0 -3.05275
105 5.28441 3.74935 0 0 -0 -3.03386
106 4.80706 3.69269 0 0 -0 -3.01279
107 4.32857 3.62832 0 0 -0 -3.01035
108 3.83777 3.56652 0 0 -0 -3.02243
109 3.31848 3.50845 0 0 -0 -3.03658
110 2.81372 3.46514 0 0 -0 -3.08854
111 2.27528 3.44534 0 0 -0 -3.10768
112 1.77276 3.42303 0 0 -0 -3.08585
113 1.25034 3.38849 0 0 -0 -3.06373
114 0.740985 3.34395 0 0 -0 -3.04294
115 0.221818 3.28731 0 0 -0 -3.0213
116 -0.256837 3.22901 0 0 -0 -3.02447
117 -0.739187 3.18297 0 0 -0 -3.06479
118 -1.25075 3.15035 0 0 -0 -3.08938
119 -1.73389 3.12722 0 0 -0 -3.08292
120 -2.27827 3.0835 0 0 -0 -3.04646
121 -2.78877 3.02826 0 0 -0 -3.01751
122 -3.28824 2.96118 0 0 -0 -2.997
123 -3.7868 2.88637 0 0 -0 -2.99692
124 -4.29597 2.81933 0 0 -0 -3.0223
125 -4.8163 2.76385 0 0 -0 -3.04717
126 -5.31765 2.72288 0 0 -0 -3.07144
127 -5.79772 2.69513 0 0 -0 -3.09478
128 -6.26819 2.67864 0 0 -0 -3.1172
129 -6.67406 2.67319 0 0 -0 -3.1375
130 -7.06652 2.67566 0 0 -0 3.12626
131 -7.43129 2.69391 0 0 -0 3.02655
132 -7.77525 2.77386 0 0 -0 2.80278
133 -8.09684 2.92454 0 0 -0 2.60375
134 -8.34354 3.11359 0 0 -0 2.34822
135 -8.54112 3.36858 0 0 -0 2.16646
136 -8.7252 3.65141 0 0 -0 2.13882
137 -8.88618 3.90906 0 0 -0 2.12285
138 -9.05081 4.19431 0 0 -0 2.04422
139 -9.17313 4.48252 0 0 -0 1.91095
140 -9.277 4.79486 0 0 -0 1.88116
141 -9.37922 5.12618 0 0 -0 1.85174
142 -9.47331 5.48841 0 0 -0 1.77483
143 -9.52966 5.85342 0 0 -0 1.69572
144 -9.57556 6.20935 0 0 -0 1.71959
145 -9.64523 6.56968 0 0 -0 1.79729
146 -9.72446 6.89759 0 0 -0 1.81593
147 -9.82005 7.26668 0 0 -0 1.83266
148 -9.90059 7.55947 0 0 -0 1.84598
149 -9.9272 7.65295 0 0 -0 1.85025
150 -9.92722 7.65303 0 0 -0 1.81084
151 -9.92722 7.65303 0 0 -0 1.62704
152 -9.92722 7.65304 0 0 -0 1.304
153 -9.92721 7.65305 0 0 -0 0.956093
154 -9.92588 7.65111 0 0 -0 0.545188
155 -9.92415 7.64859 0 0 -0 0.149859
156 -9.92374 7.64859 0 0 -0 -0.235401
157 -9.92343 7.64859 0 0 -0 -0.676596
158 -9.92403 7.64841 0 0 -0 -1.07377
159 -9.92485 7.64822 0 0 -0 -1.48203
160 -9.92576 7.64871 0 0 -0 -1.77196
161 -9.92667 7.6492 0 0 -0 -1.71655
162 -9.92796 7.6499 0 0 -0 -1.63115
163 -9.92926 7.6506 0 0 -0 -1.54193
164 -9.92808 7.63964 0 0 -0 -1.52489
165 -9.92305 7.53447 0 0 -0 -1.52644
166 -9.91673 7.39241 0 0 -0 -1.52818
167 -9.90785 7.20049 0 0 -0 -1.51267
168 -9.88833 6.9702 0 0 -0 -1.46232
169 -9.8609 6.73485 0 0 -0 -1.4487
170 -9.82958 6.48779 0 0 -0 -1.43734
171 -9.79014 6.23544 0 0 -0 -1.38554
172 -9.7339 5.96957 0 0 -0 -1.34286
173 -9.67088 5.70195 0 0 -0 -1.33116
174 -9.59625 5.42524 0 0 -0 -1.26181
175 -9.51206 5.17669 0 0 -0 -1.23226
176 -9.40865 4.88507 0 0 -0 -1.21979
177 -9.31195 4.62239 0 0 -0 -1.20827
178 -9.21204 4.36034 0 0 -0 -1.20404
179 -9.11992 4.09931 0 0 -0 -1.26222
180 -9.07129 3.92093 0 0 -0 -1.37388
181 -9.07139 3.91976 0 0 -0 -1.48913
182 -9.07149 3.91876 0 0 -0 -1.86283
183 -9.07165 3.91777 0 0 -0 -2.24857
184 -9.07186 3.91667 0 0 -0 -2.6314
185 -9.11047 3.89482 0 0 -0 -2.64535
186 -9.2403 3.82372 0 0 -0 -2.64591
187 -9.38723 3.74396 0 0 -0 -2.66241
188 -9.53114 3.67593 0 0 -0 -2.75779
189 -9.70083 3.61538 0 0 -0 -2.82685
190 -9.88018 3.55737 0 0 -0 -2.83331
191 -10.1001 3.48664 0 0 -0 -2.82807
192 -10.3257 3.40975 0 0 -0 -2.80801
193 -10.5615 3.3262 0 0 -0 -2.79835
194 -10.7929 3.2418 0 0 -0 -2.79173
195 -11.0333 3.1697 0 0 -0 -2.93652
196 -11.2917 3.14851 0 0 -0 3.08329
197 -11.5228 3.19101 0 0 -0 2.82753
198 -11.7341 3.29188 0 0 -0 2.56276
199 -11.905 3.43312 0 0 -0 2.33522
200 -12.0592 3.63201 0 0 -0 2.1394
201 -12.186 3.89647 0 0 -0 1.8818
202 -12.2522 4.20247 0 0 -0 1.73659
203 -12.2992 4.50792 0 0 -0 1.71606
204 -12.3479 4.81334 0 0 -0 1.75352
205 -12.4206 5.15912 0 0 -0 1.79378
206 -12.5011 5.51226 0 0 -0 1.78431
207 -12.5704 5.86177 0 0 -0 1.75601
208 -12.6384 6.24619 0 0 -0 1.73687
209 -12.7071 6.65782 0 0 -0 1.74985
210 -12.7914 7.05496 0 0 -0 1.81278
211 -12.8982 7.43936 0 0 -0 1.86839
212 -13.0257 7.8423 0 0 -0 1.88652
213 -13.148 8.20974 0 0 -0 1.89979
214 -13.2768 8.59102 0 0 -0 1.8643
215 -13.3405 8.95681 0 0 -0 1.57757
216 -13.3062 9.18315 0 0 -0 1.24153
217 -13.2244 9.33857 0 0 -0 0.934488
218 -13.1069 9.45627 0 0 -0 0.643634
219 -12.9656 9.53307 0 0 -0 0.361855
220 -12.7778 9.56917 0 0 -0 0.0212571
221 -12.6105 9.54744 0 0 -0 -0.283243
222 -12.4496 9.47013 0 0 -0 -0.616022
223 -12.331 9.3556 0 0 -0 -0.923194
224 -12.2497 9.19957 0 0 -0 -1.25321
225 -12.221 8.98234 0 0 -0 -1.5739
226 -12.2323 8.67912 0 0 -0 -1.62292
227 -12.2502 8.38644 0 0 -0 -1.63817
228 -12.273 8.08754 0 0 -0 -1.65363
229 -12.3048 7.74618 0 0 -0 -1.67127
230 -12.3416 7.41526 0 0 -0 -1.68893
231 -12.3836 7.08264 0 0 -0 -1.69345
232 -12.4048 6.7608 0 0 -0 -1.57598
233 -12.4001 6.4082 0 0 -0 -1.54513
234 -12.3886 6.04045 0 0 -0 -1.52638
235 -12.3642 5.67935 0 0 -0 -1.48639
236 -12.3315 5.31362 0 0 -0 -1.4729
237 -12.2933 4.94774 0 0 -0 -1.45503
238 -12.2421 4.58432 0 0 -0 -1.39981
239 -12.1706 4.22735 0 0 -0 -1.34131
240 -12.0622 3.85804 0 0 -0 -1.19526
241 -11.8828 3.53913 0 0 -0 -0.877772
242 -11.5973 3.31153 0 0 -0 -0.456147
243 -11.2829 3.22451 0 0 -0 -0.0758101
244 -10.973 3.2434 0 0 -0 0.165847
245 -10.601 3.31765 0 0 -0 0.214814
246 -10.2873 3.38849 0 0 -0 0.245482
247 -9.93785 3.51354 0 0 -0 0.483238
248 -9.67023 3.70202 0 0 -0 0.750778
249 -9.46394 3.95266 0 0 -0 1.01505
250 -9.32016 4.2651 0 0 -0 1.267
251 -9.25955 4.59413 0 0 -0 1.50692
252 -9.27086 4.929 0 0 -0 1.70236
253 -9.33519 5.26852 0 0 -0 1.78702
254 -9.41897 5.63388 0 0 -0 1.80461
255 -9.50852 5.98463 0 0 -0 1.84826
256 -9.60852 6.30384 0 0 -0 1.89171
257 -9.7249 6.64587 0 0 -0 1.8995
258 -9.81896 6.95464 0 0 -0 1.82258
259 -9.89136 7.26147 0 0 -0 1.79142
260 -9.95821 7.56955 0 0 -0 1.77739
261 -9.99842 7.76568 0 0 -0 1.76848
262 -9.99872 7.76719 0 0 -0 1.56806
263 -9.99872 7.76718 0 0 -0 1.24073
264 -9.99873 7.76717 0 0 -0 0.774986
265 -9.99874 7.76716 0 0 -0 0.290075
266 -9.99942 7.76737 0 0 -0 -0.10853
267 -9.99958 7.76655 0 0 -0 -0.507049
268 -9.99908 7.76514 0 0 -0 -0.848239
269 -9.99811 7.76403 0 0 -0 -1.21223
270 -9.99739 7.7633 0 0 -0 -1.38717
271 -9.98062 7.67591 0 0 -0 -1.38938
272 -9.95272 7.52542 0 0 -0 -1.39083
273 -9.90953 7.28494 0 0 -0 -1.39224
274 -9.8665 7.04336 0 0 -0 -1.39384
275 -9.82676 6.81673 0 0 -0 -1.39589
276 -9.78265 6.56444 0 0 -0 -1.39776
277 -9.73965 6.31672 0 0 -0 -1.39981
278 -9.69352 6.0499 0 0 -0 -1.40168
279 -9.64498 5.7699 0 0 -0 -1.39172
280 -9.58304 5.47604 0 0 -0 -1.34102
281 -9.51706 5.20234 0 0 -0 -1.32844
282 -9.44627 4.9221 0 0 -0 -1.31776
283 -9.36223 4.6192 0 0 -0 -1.27504
284 -9.2555 4.32562 0 0 -0 -1.1514
285 -9.09959 4.02615 0 0 -0 -1.03769
286 -8.91937 3.75872 0 0 -0 -0.914527
287 -8.71386 3.52281 0 0 -0 -0.791032
288 -8.47244 3.30494 0 0 -0 -0.682561
289 -8.21868 3.1184 0 0 -0 -0.577211
290 -7.93404 2.95098 0 0 -0 -0.49217
291 -7.57996 2.78822 0 0 -0 -0.360656
292 -7.23836 2.68475 0 0 -0 -0.2351
293 -6.90223 2.61175 0 0 -0 -0.201871
294 -6.66092 2.55904 0 0 -0 -0.273447
295 -6.58978 2.53613 0 0 -0 -0.331226
296 -6.51904 2.51154 0 0 -0 -0.336954
297 -6.32164 2.44248 0 0 -0 -0.296301
298 -6.08631 2.40856 0 0 -0 0.00767863
299 -5.83982 2.41925 0 0 -0 0.0645568
300 -5.59622 2.4396 0 0 -0 0.111678
301 -5.28959 2.48261 0 0 -0 0.157871
302 -4.95468 2.53749 0 0 -0 0.170096
303 -4.59728 2.60071 0 0 -0 0.183279
304 -4.23849 2.66848 0 0 -0 0.186298
305 -3.8787 2.73005 0 0 -0 0.159069
306 -3.47828 2.7898 0 0 -0 0.139322
307 -3.06962 2.84244 0 0 -0 0.119159
308 -2.69037 2.88394 0 0 -0 0.100727
309 -2.24008 2.9242 0 0 -0 0.0793117
310 -1.79225 2.95492 0 0 -0 0.068377
311 -1.32891 2.99602 0 0 -0 0.103997
312 -0.841296 3.05151 0 0 -0 0.124501
313 -0.355963 3.11655 0 0 -0 0.144487
314 0.17238 3.19779 0 0 -0 0.154257
315 0.690771 3.27081 0 0 -0 0.128547
316 1.17929 3.3286 0 0 -0 0.106708
317 1.68122 3.37674 0 0 -0 0.0843234
318 2.18165 3.41349 0 0 -0 0.0620474
319 2.66227 3.43911 0 0 -0 0.0487563
320 3.18609 3.46402 0 0 -0 0.055146
321 3.68098 3.50155 0 0 -0 0.090283
322 4.18005 3.55128 0 0 -0 0.111058
323 4.65604 3.60803 0 0 -0 0.130564
324 5.15338 3.67738 0 0 -0 0.150953
325 5.64955 3.74103 0 0 -0 0.095618
326 6.15423 3.78624 0 0 -0 0.0920825
327 6.6439 3.83296 0 0 -0 0.0987317
328 7.13312 3.88327 0 0 -0 0.105348
329 7.65458 3.93982 0 0 -0 0.111436
330 8.13351 3.99347 0 0 -0 0.10953
331 8.63259 4.04424 0 0 -0 0.0951519
332 9.16414 4.09034 0 0 -0 0.0801713
333 9.63449 4.12382 0 0 -0 0.0658475
334 10.0612 4.14681 0 0 -0 0.0478341
335 10.5123 4.16416 0 0 -0 0.0405204
336 10.8709 4.18605 0 0 -0 0.0994605
337 10.9661 4.19608 0 0 -0 0.134102
338 10.9669 4.19552 0 0 -0 0.494177
339 10.9663 4.19458 0 0 -0 1.0167
340 10.9658 4.19378 0 0 -0 1.40517
341 10.9654 4.19298 0 0 -0 1.80174
342 10.9651 4.19221 0 0 -0 2.18567
343 10.9648 4.19159 0 0 -0 2.57941
344 10.9646 4.19102 0 0 -0 2.93221
345 10.9644 4.19053 0 0 -0 -3.06824
346 10.9102 4.18533 0 0 -0 -3.05432
347 10.6639 4.16382 0 0 -0 -3.05569
348 10.4242 4.14322 0 0 -0 -3.05681
349 10.1692 4.12162 0 0 -0 -3.058
350 9.8565 4.0954 0 0 -0 -3.05938
351 9.56959 4.07183 0 0 -0 -3.06066
352 9.23854 4.04561 0 0 -0 -3.06947
353 8.92016 4.02591 0 0 -0 -3.08783
354 8.59296 4.01115 0 0 -0 -3.10432
355 8.27299 4.00158 0 0 -0 -3.11193
356 7.92088 3.98299 0 0 -0 -3.07332
357 7.5679 3.9566 0 0 -0 -3.05958
358 7.22726 3.92654 0 0 -0 -3.04659
359 6.82539 3.88592 0 0 -0 -3.04108
360 6.48267 3.8537 0 0 -0 -3.05396
361 6.30473 3.83862 0 0 -0 -3.06083
362 6.1285 3.825 0 0 -0 -3.06988
363 5.86164 3.80727 0 0 -0 -3.08072
364 5.58044 3.7918 0 0 -0 -3.09265
365 5.23092 3.77677 0 0 -0 -3.09941
366 4.89085 3.75764 0 0 -0 -3.06862
367 4.53647 3.72311 0 0 -0 -3.01499
368 4.18534 3.6721 0 0 -0 -2.98689
369 3.8472 3.61678 0 0 -0 -2.97181
370 3.54596 3.56331 0 0 -0 -2.96021
371 3.21971 3.50075 0 0 -0 -2.93243
372 3.03678 3.4516 0 0 -0 -2.79972
373 3.03674 3.45135 0 0 -0 -2.61367
374 3.0367 3.45131 0 0 -0 -2.08697
375 3.03666 3.45113 0 0 -0 -1.73855
376 3.03027 3.4076 0 0 -0 -1.71654
377 2.98225 3.08194 0 0 -0 -1.71785
378 2.93637 2.77347 0 0 -0 -1.719
379 2.89125 2.45216 0 0 -0 -1.6755
380 2.88035 2.1331 0 0 -0 -1.55179
381 2.89921 1.8284 0 0 -0 -1.46112
382 2.96177 1.51694 0 0 -0 -1.25841
383 3.08193 1.23284 0 0 -0 -1.09691
384 3.23247 0.959662 0 0 -0 -1.05163
385 3.39056 0.686182 0 0 -0 -1.03864
386 3.56568 0.392886 0 0 -0 -1.02502
387 3.73245 0.118047 0 0 -0 -1.02431
388 3.8957 -0.162668 0 0 -0 -1.07159
389 4.04016 -0.436475 0 0 -0 -1.09291
390 4.10957 -0.572814 0 0 -0 -1.08881
391 4.10904 -0.572994 0 0 -0 -0.995457
392 4.10846 -0.573402 0 0 -0 -0.730593
393 4.10829 -0.573053 0 0 -0 -0.445912
394 4.10828 -0.573563 0 0 -0 -0.0637875
395 4.10828 -0.573993 0 0 -0 0.321785
396 4.10844 -0.574769 0 0 -0 0.752146
397 4.10904 -0.575694 0 0 -0 1.24553
398 4.10913 -0.576259 0 0 -0 1.75804
399 4.10908 -0.576176 0 0 -0 2.30231
400 4.10321 -0.572402 0 0 -0 2.62009
401 4.0326 -0.531842 0 0 -0 2.62032
402 3.78161 -0.387842 0 0 -0 2.62112
403 3.50167 -0.230137 0 0 -0 2.6515
404 3.21045 -0.0930675 0 0 -0 2.76211
405 2.89174 0.00619525 0 0 -0 2.92363
406 2.53766 0.0600377 0 0 -0 3.02903
407 2.18425 0.0964217 0 0 -0 3.04723
408 1.80684 0.128309 0 0 -0 3.07356
409 1.37645 0.139498 0 0 -0 -3.11667
410 0.99768 0.115309 0 0 -0 -3.03769
411 0.635847 0.065734 0 0 -0 -2.97928
412 0.289621 -0.00135761 0 0 -0 -2.91925
413 -0.0275846 -0.0780087 0 0 -0 -2.89392
414 -0.350869 -0.169687 0 0 -0 -2.80703
415 -0.615167 -0.295658 0 0 -0 -2.53083
416 -0.824889 -0.488264 0 0 -0 -2.34517
417 -1.02463 -0.698042 0 0 -0 -2.30485
418 -1.20971 -0.932984 0 0 -0 -2.19822
419 -1.372 -1.16131 0 0 -0 -2.18179
420 -1.54681 -1.41455 0 0 -0 -2.16804
421 -1.70833 -1.66387 0 0 -0 -2.09812
422 -1.7284 -1.69927 0 0 0 -2.0538
423 -1.72836 -1.6991 0 0 0 -1.6156
424 -1.72839 -1.69892 0 0 0 -1.15752
425 -1.72848 -1.69879 0 0 0 -0.75864
426 -1.72862 -1.6987 0 0 0 -0.34293
427 -1.72878 -1.69867 0 0 -0 0.0530787
428 -1.72882 -1.69868 0 0 -0 0.160488
429 -2.8082 -0.727291 0 0 0 -0.588404
